5, 176
5, 176
5, 176
5, 176
5, 176
5, 176
5, 176
5, 176
5, 176
5, 176
5, 176
5, 176
5, 176
5, 176
5, 176
5, 176
5, 176
5, 176
5, 176
5, 176
5, 176
5, 176
5, 176
6, 176
6, 176
7, 176
7, 176
8, 176
8, 176
9, 176
9, 177
10, 177
10, 177
11, 177
12, 177
13, 178
14, 178
15, 178
15, 178
16, 179
17, 179
17, 179
18, 180
19, 180
20, 180
21, 180
21, 180
22, 180
23, 180
23, 180
24, 181
25, 181
25, 181
26, 181
27, 181
28, 181
29, 181
30, 181
31, 181
32, 181
32, 181
34, 182
35, 182
35, 182
37, 182
38, 182
39, 182
40, 182
41, 182
42, 182
43, 182
44, 182
44, 182
45, 182
46, 182
47, 182
48, 182
49, 182
49, 182
49, 182
51, 182
51, 182
51, 182
51, 182
51, 182
51, 182
51, 182
51, 182
51, 182
51, 182
51, 182
51, 182
51, 182
51, 182
51, 182
51, 182
51, 182
51, 182
51, 182
51, 182
51, 182
51, 182
51, 182
51, 182
51, 182
51, 182
51, 182
51, 182
51, 182
52, 182
52, 182
53, 182
53, 182
54, 182
54, 182
55, 181
55, 181
55, 181
56, 181
56, 181
57, 181
58, 180
59, 180
59, 180
60, 180
61, 180
62, 179
63, 178
64, 178
65, 177
66, 177
67, 177
67, 176
68, 176
69, 176
69, 175
70, 175
70, 175
71, 175
71, 174
72, 174
73, 174
74, 173
75, 173
76, 173
76, 172
77, 172
78, 171
79, 171
79, 171
80, 171
81, 170
82, 170
82, 170
83, 170
84, 170
85, 169
85, 169
86, 169
87, 168
88, 168
88, 167
89, 167
89, 167
90, 166
90, 166
90, 165
90, 165
91, 165
91, 164
91, 164
92, 163
93, 162
94, 161
95, 160
97, 159
97, 158
98, 158
99, 157
100, 157
101, 156
102, 155
104, 154
106, 153
107, 152
108, 152
109, 151
110, 150
112, 149
114, 148
115, 147
116, 146
116, 146
117, 145
118, 145
119, 145
120, 144
121, 143
122, 143
123, 142
126, 141
127, 140
130, 138
132, 137
133, 137
134, 136
136, 135
138, 134
140, 132
142, 131
144, 130
145, 129
147, 129
149, 128
151, 127
155, 126
159, 125
161, 124
163, 124
165, 123
166, 123
170, 121
172, 121
176, 120
178, 119
180, 119
181, 118
183, 118
186, 117
188, 116
190, 116
193, 115
193, 115
194, 115
195, 114
196, 114
196, 114
198, 114
200, 114
201, 114
202, 114
203, 114
205, 113
207, 113
209, 113
212, 112
214, 112
216, 111
218, 111
220, 110
222, 110
224, 109
225, 109
226, 109
228, 109
228, 109
229, 109
231, 109
232, 108
233, 108
234, 108
236, 108
237, 108
239, 108
240, 108
243, 108
245, 108
248, 108
252, 108
256, 109
260, 109
263, 110
265, 110
266, 111
266, 111
267, 111
268, 112
268, 112
269, 113
270, 113
271, 114
272, 114
273, 115
274, 116
275, 116
276, 117
277, 118
278, 118
279, 119
280, 119
280, 120
281, 120
282, 121
283, 122
283, 123
284, 124
285, 125
286, 127
287, 128
287, 129
288, 130
289, 131
289, 132
290, 133
291, 134
291, 135
292, 136
292, 138
293, 139
293, 140
294, 141
294, 142
295, 144
296, 146
296, 147
297, 149
298, 151
298, 152
298, 153
298, 154
298, 155
298, 156
298, 157
298, 157
298, 158
298, 159
298, 160
298, 161
298, 162
298, 163
298, 164
298, 165
298, 165
298, 167
298, 168
298, 170
297, 172
297, 173
297, 174
296, 175
295, 177
295, 178
295, 179
294, 181
294, 182
294, 183
293, 183
293, 184
292, 184
292, 185
291, 185
290, 185
290, 185
289, 185
287, 185
285, 186
282, 187
281, 188
277, 189
276, 190
273, 191
271, 191
268, 192
267, 192
265, 192
264, 192
263, 192
261, 192
259, 192
257, 192
255, 192
252, 192
250, 192
246, 190
236, 187
224, 185
213, 183
204, 182
195, 181
191, 181
190, 180
189, 180
188, 179
187, 179
186, 178
184, 177
183, 177
183, 176
183, 175
183, 175
183, 174
183, 172
183, 171
183, 170
183, 168
183, 168
183, 167
183, 167
183, 167
183, 167
182, 164
181, 162
181, 162
181, 162
181, 162
181, 162
181, 162
181, 162
181, 162
181, 162
181, 162
